2,3
7,8
191,192,193
275,30,29,41
635,968,981
10,11,12
14,15
18,19
24,25
39,40
42,43
49,50,51
58,59
63,64
71,72
73,74
76,77,78
85,86
91,92
104,105
106,107
110,111
132,493,600
406,691
248,250
27,866,982,792,793,44,789
112,113,114,951,663,829
116,117
139,140
158,159
164,165
192,193
226,227
229,230
236,238,239
245,246
251,252
264,265
266,267
273,274
277,278
279,280
282,283,284
293,294,295
296,297,298,299
307,308
310,313,317,320,321
333,334
331,332
361,362
365,366
380,377,376,387,388
381,385
396,397,398
400,401
402,403
413,414
419,420
429,430,431
435,436
437,438
444,445
450,451
453,454
467,468
469,470,472
474,475
485,486
507,506
513,514,525
520,521,532,536
546,549,556
231,233
601,602,603,604,606
651,652
688,689
693,694
544,545
560,561
565,566
585,586
589,590
597,598
624,625
636,637
643,644
671,673
678,680
681,682
683,684,686
695,696
706,707
730,745,735
790,791
854,855,856,857
883,884,887
933,934
708,709,710
713,714
716,717
768,770
786,788
818,819
811,812
873,875,874
881,882
969,970
571,572
612,613,614,615
757,758
847,848,737,738
830,736
820,734
941,742
554,557
568,569,570
628,629,630
798,799
827,828
862,863,864
935,936
949,950
993,994,995,996,997,998,999
563,564
577,578
591,592,633
610,611,621,622,850,865
653,657,658
779,778,777
781,783
765,766
807,804,824,48
535,534,533,523,530,531,34
287,286,288,289,290
181,182,183,184,185
61,62,63,64,65,66,67
